|    N   |    CPU     |   GPU   |  σ CPU   | σ GPU  |
+--------+------------+---------+----------+--------+
|    500 |   43.6561  |  0.3168 |   4.2241 | 0.0754 |
|   1000 |  105.4257  |  0.7512 |  15.8491 | 0.0932 |
|   2000 |  307.5165  |  0.7436 |  33.4265 | 0.5462 |
|   4000 |  848.6146  |  0.4914 |  66.4998 | 0.0069 |
|   6000 | 1771.1048  |  1.3231 |  76.8908 | 0.0051 |
|   8000 | 3125.3242  |  2.7038 |  88.3899 | 0.0065 |
|  10000 | 5292.5401  |  5.1731 |  42.6919 | 0.0127 |
|  12000 | 8871.1867  |  8.3659 |  85.7557 | 0.0119 |
|  14000 | 13386.9849 | 13.0161 | 116.1409 | 0.0169 |
|  16000 | 19317.0458 | 18.5432 |  89.0034 | 0.0332 |
+--------+------------+---------+----------+--------+